0 0.40512048192771083 0.40813253012048195 0.20180722891566266 0.3313253012048193
0 0.23945783132530124 0.39457831325301207 0.018072289156626502 0.07228915662650601
0 0.07939511164289104 0.6119303916524831 0.02805367423460037 0.05610734846920074
0 0.24163886096632983 0.7998900090243057 0.021507816913193624 0.03740489897946722
0 0.555840012393854 0.6825321384762275 0.05143173609676734 0.036469776504980504
0 0.6474820148935485 0.5488096246246323 0.023378061862167013 0.09070688002520781
0 0.6325200553017618 0.3945144163343304 0.028988796709087036 0.047691246198820654
0 0.567996604562181 0.4010602736557371 0.02150781691319367 0.08696639012726112
0 0.0873436526760278 0.5057939907982452 0.006545857321406756 0.012156592168326864
0 0.7971223737926914 0.2665787115403764 0.069700288758339 0.07467888081250618
0 0.9371452753161407 0.44643034949716215 0.021159016230210152 0.03360549636562776
0 0.7927661057452953 0.7868415812008364 0.018669720203126666 0.01742507218958475
